
10 5 6
1 2 1 2 1
2 3 3 5 5
0 1 1 0 1 1 0 
1 1 0 0 0 1 0 
2 2 0 1 0 0 1 
3 2 0 1 0 1 0 
4 2 1 0 1 0 0 
5 2 1 1 0 0 0 
 
100 5 22
1 2 1 2 1
2 3 3 5 5
0 6 1 0 0 1 0
1 10 1 1 1 0 0
2 2 1 1 0 0 1
3 2 0 1 1 0 0
4 8 0 0 0 1 0
5 15 0 1 0 0 0
6 1 0 1 1 1 0
7 5 0 0 1 1 0
8 2 1 0 1 1 0
9 3 0 0 1 0 0
10 2 1 0 1 0 0
11 1 1 1 1 0 1
12 8 0 1 0 1 0
13 3 1 0 0 1 1
14 10 1 0 0 0 0
15 4 0 1 0 0 1
16 4 0 0 0 0 1
17 2 1 0 0 0 1
18 4 1 1 0 0 0
19 6 1 1 0 1 0
20 1 1 0 1 0 1
21 1 1 1 1 1 1

100 5 22
1 2 1 2 1
2 3 3 5 5
0 13 1 0 0 0 0
1 8 0 0 0 1 0
2 7 0 1 0 0 0
3 1 1 0 0 1 0
4 12 0 0 1 0 0
5 5 0 1 0 1 0
6 5 0 0 1 1 0
7 6 0 1 1 0 0
8 3 1 0 0 0 1
9 12 1 1 0 0 0
10 8 1 1 0 1 0
11 2 1 0 0 1 1
12 2 1 1 1 0 0
13 1 0 1 0 1 1
14 4 1 0 1 0 0
15 4 0 1 0 0 1
16 1 1 1 0 1 1
17 2 1 0 1 1 0
18 1 0 0 0 0 1
19 1 1 1 1 1 0
20 1 1 1 0 0 1
21 1 0 1 1 1 0

200 5 21
1 2 1 2 1
2 3 3 5 5
0 1 1 1 0 1 0
1 1 0 0 0 1 1
2 46 0 0 0 1 0
3 4 1 0 0 1 0
4 9 1 1 0 0 0
5 63 0 1 0 0 0
6 4 0 0 1 1 0
7 13 0 0 0 0 1
8 2 1 1 1 0 0
9 2 1 0 1 0 0
10 11 0 1 0 1 0
11 4 1 0 0 0 1
12 1 1 0 1 1 0
13 1 0 1 1 0 1
14 17 1 0 0 0 0
15 9 0 0 1 0 0
16 1 1 1 1 1 0
17 1 1 1 1 0 1
18 1 0 1 1 1 0
19 4 0 1 1 0 0
20 5 0 1 0 0 1

200 5 25
1 2 1 2 1
2 3 3 5 5
0 1 0 0 1 1 1
1 1 1 1 1 0 1
2 2 0 1 1 1 0
3 2 0 1 1 0 1
4 43 0 1 0 0 0
5 5 0 1 0 0 1
6 4 0 0 0 1 1
7 5 1 0 1 1 0
8 6 1 0 0 0 1
9 3 1 1 1 0 0
10 2 1 1 0 1 0
11 5 1 0 1 0 0
12 1 0 1 0 1 1
13 18 1 0 0 0 0
14 18 1 1 0 0 0
15 16 0 0 1 0 0
16 27 0 0 0 1 0
17 7 0 1 1 0 0
18 1 1 0 0 1 1
19 4 0 0 1 1 0
20 8 1 0 0 1 0
21 7 0 1 0 1 0
22 2 0 0 1 0 1
23 8 0 0 0 0 1
24 4 1 1 1 0 0