Soal ke-1
CAR SEQUENCING PROBLEM
Berdasarkan perhitungan CSP, average utility dari soal tersebut adalah 1.00

GENETIC ALGORITHM
Urutan yang gagal dikerjakan: 6
Tundaan kerja: 21
Matriks urutan: 
1 0 1 0 0 
0 1 0 0 1 
0 1 0 0 1 
0 -1 0 1 0 
1 0 1 0 0 
-1 0 1 1 -1 
0 1 -1 1 0 
1 1 0 -1 0 
0 -1 0 0 1 
0 1 0 1 0 

SIMULATED ANNEALING
Urutan yang gagal dikerjakan: 7
Tundaan kerja: 25
Matriks urutan: 
1 0 1 1 0 
-1 0 1 0 0 
0 1 -1 1 0 
0 1 0 1 0 
1 0 1 -1 0 
-1 1 0 0 0 
0 1 0 0 1 
0 -1 0 0 1 
1 0 1 0 0 
0 1 0 0 -1 

HYBRID GA-SA
Urutan yang gagal dikerjakan: 5
Tundaan kerja: 17
Matriks urutan: 
1 0 1 1 0 
0 1 0 1 0 
0 0 0 1 0 
1 1 0 0 0 
-1 0 1 -1 0 
0 0 0 1 0 
0 1 0 1 0 
0 1 0 0 1 
1 -1 0 0 0 
-1 1 0 0 0 

HYBRID SA-GA
Urutan yang gagal dikerjakan: 5
Tundaan kerja: 17
Matriks urutan: 
1 0 1 1 0 
0 1 0 1 0 
0 0 0 1 0 
1 1 0 0 0 
-1 0 1 -1 0 
0 0 0 1 0 
0 1 0 1 0 
0 1 0 0 1 
1 -1 0 0 0 
-1 1 0 0 0 

CYCLIC GA-SA
Urutan yang gagal dikerjakan: 8
Tundaan kerja: 29
Matriks urutan: 
1 0 1 0 0 
-1 0 1 0 0 
0 1 -1 0 1 
1 0 1 0 0 
0 1 0 1 0 
0 1 0 1 0 
0 1 0 1 0 
0 -1 0 1 0 
0 1 0 -1 0 
1 -1 0 0 0 

Soal ke-2
CAR SEQUENCING PROBLEM
Berdasarkan perhitungan CSP, average utility dari soal tersebut adalah 0.91

GENETIC ALGORITHM
Urutan yang gagal dikerjakan: 60
Tundaan kerja: 193
Matriks urutan: 
0 1 0 0 0 
1 0 0 1 0 
0 0 0 0 1 
1 1 0 1 0 
-1 1 0 1 0 
1 -1 0 -1 0 
-1 0 1 1 0 
0 1 1 0 0 
0 1 -1 1 0 
0 0 1 1 0 
1 0 0 -1 0 
-1 1 -1 0 0 
0 1 0 0 0 
0 0 0 1 0 
1 0 0 0 0 
-1 1 1 0 0 
1 1 1 0 0 
-1 1 0 1 0 
0 1 -1 0 0 
0 0 1 0 0 
1 0 1 1 0 
0 1 -1 0 0 
0 1 0 0 1 
0 -1 0 1 0 
1 0 0 -1 1 
0 1 0 1 0 
0 0 0 0 -1 
1 1 0 1 0 
-1 1 0 0 0 
0 1 0 -1 0 
0 -1 0 1 0 
1 1 0 0 0 
0 0 0 1 0 
0 1 0 1 0 
1 0 0 -1 1 
-1 0 0 0 0 
1 0 1 0 0 
-1 0 0 0 0 
0 0 0 0 -1 
1 0 0 1 0 
0 1 0 0 0 
1 1 1 0 0 
-1 1 1 0 0 
0 1 0 0 0 
0 1 -1 0 0 
1 -1 0 1 1 
-1 0 0 0 0 
0 1 1 1 0 
0 1 0 0 0 
1 0 -1 0 0 
-1 0 0 0 0 
0 1 0 0 0 
0 1 0 0 1 
0 -1 0 0 0 
1 0 0 0 0 
-1 1 1 0 0 
0 0 1 1 0 
1 1 -1 1 0 
0 1 0 0 0 
1 1 0 0 1 
-1 0 0 1 0 
0 0 1 0 0 
0 1 0 0 1 
1 1 -1 0 0 
0 -1 0 0 -1 
0 0 0 1 0 
1 1 1 0 1 
0 0 1 0 0 
1 0 -1 1 0 
-1 1 1 0 0 
1 1 1 0 0 
-1 1 0 1 0 
0 1 -1 0 1 
0 0 0 1 0 
0 1 0 0 0 
1 0 0 0 0 
0 0 1 1 0 
1 1 0 -1 0 
-1 0 0 0 0 
0 1 0 0 0 
0 0 0 1 0 
0 0 0 1 0 
0 1 0 0 0 
1 0 1 0 1 
0 0 0 -1 0 
1 1 0 0 1 
-1 0 0 0 0 
1 0 0 1 -1 
-1 0 1 1 0 
1 1 1 0 0 
-1 1 -1 0 0 
0 -1 0 0 0 
1 0 0 0 1 
0 0 1 1 0 
1 1 1 1 1 
-1 0 -1 1 1 
0 0 0 0 -1 
1 1 0 -1 0 
-1 0 0 0 0 
0 1 0 1 0 

SIMULATED ANNEALING
Urutan yang gagal dikerjakan: 61
Tundaan kerja: 202
Matriks urutan: 
0 1 0 0 0 
0 1 0 0 1 
1 0 0 0 0 
0 0 0 1 0 
1 1 0 0 0 
-1 1 1 0 -1 
0 0 0 0 1 
0 1 0 1 0 
1 1 0 1 0 
-1 0 0 1 1 
1 1 1 0 0 
-1 0 0 0 0 
1 0 0 0 0 
-1 0 0 1 0 
0 1 0 0 0 
1 0 0 0 0 
-1 0 0 1 1 
1 0 1 0 1 
-1 1 1 0 0 
1 1 -1 0 0 
-1 0 0 0 0 
1 1 0 1 0 
-1 0 0 0 0 
0 1 0 1 0 
0 0 0 1 0 
0 0 0 -1 0 
0 0 0 0 1 
0 0 0 1 0 
1 0 0 1 0 
-1 0 0 1 0 
0 1 0 0 -1 
0 0 1 -1 0 
0 0 0 0 1 
1 1 -1 0 0 
0 0 0 0 1 
1 0 0 1 1 
0 0 0 0 -1 
0 0 0 0 1 
1 0 0 1 1 
-1 1 0 0 1 
1 1 1 1 1 
-1 1 0 0 0 
1 0 0 1 -1 
0 1 0 0 1 
0 0 0 1 0 
0 1 1 -1 0 
0 0 1 1 0 
0 1 -1 1 0 
1 1 1 0 0 
0 0 0 0 1 
0 0 -1 1 0 
0 0 1 0 0 
1 1 0 1 0 
0 0 0 1 0 
1 0 0 0 0 
0 1 0 0 0 
1 1 0 -1 0 
0 0 1 0 0 
0 1 0 1 0 
1 0 -1 1 0 
0 0 1 0 0 
0 0 0 0 1 
1 0 0 0 1 
-1 0 0 0 0 
0 1 1 1 0 
0 0 0 1 -1 
0 0 0 1 0 
1 1 0 0 1 
-1 0 1 -1 0 
0 1 0 0 0 
1 1 -1 1 1 
-1 0 1 0 -1 
0 1 0 0 0 
0 0 0 1 0 
1 1 0 -1 0 
-1 0 0 0 0 
1 1 1 0 0 
-1 1 0 0 0 
0 1 0 1 0 
0 -1 0 0 0 
1 0 0 1 0 
-1 1 0 0 1 
0 1 0 0 1 
0 -1 1 0 0 
0 1 1 0 0 
0 1 -1 0 -1 
0 -1 0 1 0 
0 1 0 0 0 
0 1 0 0 1 
0 -1 0 0 0 
1 1 1 0 0 
-1 0 0 1 0 
0 1 0 0 0 
1 0 0 1 0 
0 1 0 0 0 
1 0 0 -1 0 
-1 1 1 0 0 
1 1 1 0 0 
-1 0 0 1 0 
0 1 0 1 0 

HYBRID GA-SA
Urutan yang gagal dikerjakan: 58
Tundaan kerja: 185
Matriks urutan: 
0 1 0 0 0 
1 1 1 0 0 
0 0 0 1 0 
1 1 -1 0 0 
-1 1 1 0 0 
0 -1 0 1 0 
1 0 0 -1 0 
0 0 1 0 0 
0 1 0 0 0 
1 1 -1 0 0 
-1 0 0 1 0 
0 1 0 1 0 
1 1 1 0 0 
-1 0 1 1 0 
1 1 1 0 0 
-1 0 -1 0 1 
0 1 0 1 0 
1 0 0 0 1 
-1 1 1 0 0 
0 1 0 0 -1 
0 0 0 1 0 
0 0 1 1 0 
0 0 1 1 0 
1 0 -1 0 0 
-1 0 0 -1 0 
1 1 0 1 0 
-1 1 1 0 0 
1 0 0 1 1 
-1 0 -1 0 0 
1 0 0 0 0 
-1 0 1 0 1 
1 0 0 0 -1 
-1 1 0 0 0 
0 1 0 0 0 
1 -1 1 0 0 
-1 0 0 0 0 
0 1 0 1 0 
1 1 1 0 0 
-1 0 0 0 1 
1 1 1 0 0 
-1 1 -1 1 0 
0 -1 0 0 0 
0 0 0 1 0 
0 1 0 0 0 
1 0 1 1 0 
-1 1 1 1 1 
0 0 0 0 1 
1 0 0 0 0 
0 1 0 0 0 
1 1 1 0 0 
0 -1 1 1 0 
0 1 -1 0 0 
0 1 0 1 0 
0 -1 0 1 0 
1 0 0 -1 1 
0 0 1 0 0 
0 1 0 0 0 
1 0 0 0 0 
0 0 0 1 0 
1 1 0 0 0 
-1 1 0 1 0 
0 0 0 0 1 
0 1 0 0 0 
1 1 0 1 0 
0 0 0 0 1 
0 0 0 1 -1 
1 0 0 0 0 
-1 1 0 -1 0 
0 1 0 0 1 
0 -1 0 0 0 
0 0 0 1 0 
0 0 1 1 0 
0 0 0 0 -1 
1 1 0 1 0 
0 0 0 -1 0 
0 0 1 1 0 
0 0 0 1 0 
1 1 0 0 1 
0 0 1 0 0 
0 0 0 -1 0 
1 1 0 1 0 
-1 0 0 1 0 
1 1 0 0 1 
-1 0 1 1 0 
1 1 1 -1 0 
-1 1 -1 1 0 
0 -1 0 1 0 
0 1 0 0 0 
0 1 0 0 1 
0 -1 0 0 1 
0 0 0 1 0 
0 1 0 1 0 
1 0 0 0 -1 
0 0 1 1 0 
0 1 1 -1 0 
1 1 -1 0 0 
0 -1 0 0 1 
1 0 0 0 0 
0 1 0 0 1 
1 1 1 0 -1 

HYBRID SA-GA
Urutan yang gagal dikerjakan: 58
Tundaan kerja: 185
Matriks urutan: 
0 1 0 0 0 
1 1 1 0 0 
0 0 0 1 0 
1 1 -1 0 0 
-1 1 1 0 0 
0 -1 0 1 0 
1 0 0 -1 0 
0 0 1 0 0 
0 1 0 0 0 
1 1 -1 0 0 
-1 0 0 1 0 
0 1 0 1 0 
1 1 1 0 0 
-1 0 1 1 0 
1 1 1 0 0 
-1 0 -1 0 1 
0 1 0 1 0 
1 0 0 0 1 
-1 1 1 0 0 
0 1 0 0 -1 
0 0 0 1 0 
0 0 1 1 0 
0 0 1 1 0 
1 0 -1 0 0 
-1 0 0 -1 0 
1 1 0 1 0 
-1 1 1 0 0 
1 0 0 1 1 
-1 0 -1 0 0 
1 0 0 0 0 
-1 0 1 0 1 
1 0 0 0 -1 
-1 1 0 0 0 
0 1 0 0 0 
1 -1 1 0 0 
-1 0 0 0 0 
0 1 0 1 0 
1 1 1 0 0 
-1 0 0 0 1 
1 1 1 0 0 
-1 1 -1 1 0 
0 -1 0 0 0 
0 0 0 1 0 
0 1 0 0 0 
1 0 1 1 0 
-1 1 1 1 1 
0 0 0 0 1 
1 0 0 0 0 
0 1 0 0 0 
1 1 1 0 0 
0 -1 1 1 0 
0 1 -1 0 0 
0 1 0 1 0 
0 -1 0 1 0 
1 0 0 -1 1 
0 0 1 0 0 
0 1 0 0 0 
1 0 0 0 0 
0 0 0 1 0 
1 1 0 0 0 
-1 1 0 1 0 
0 0 0 0 1 
0 1 0 0 0 
1 1 0 1 0 
0 0 0 0 1 
0 0 0 1 -1 
1 0 0 0 0 
-1 1 0 -1 0 
0 1 0 0 1 
0 -1 0 0 0 
0 0 0 1 0 
0 0 1 1 0 
0 0 0 0 -1 
1 1 0 1 0 
0 0 0 -1 0 
0 0 1 1 0 
0 0 0 1 0 
1 1 0 0 1 
0 0 1 0 0 
0 0 0 -1 0 
1 1 0 1 0 
-1 0 0 1 0 
1 1 0 0 1 
-1 0 1 1 0 
1 1 1 -1 0 
-1 1 -1 1 0 
0 -1 0 1 0 
0 1 0 0 0 
0 1 0 0 1 
0 -1 0 0 1 
0 0 0 1 0 
0 1 0 1 0 
1 0 0 0 -1 
0 0 1 1 0 
0 1 1 -1 0 
1 1 -1 0 0 
0 -1 0 0 1 
1 0 0 0 0 
0 1 0 0 1 
1 1 1 0 -1 

CYCLIC GA-SA
Urutan yang gagal dikerjakan: 58
Tundaan kerja: 186
Matriks urutan: 
1 1 0 1 0 
0 1 0 0 0 
1 -1 0 1 0 
0 1 0 1 0 
0 0 0 -1 1 
1 1 1 0 0 
0 0 0 0 1 
0 0 -1 0 0 
1 0 0 0 -1 
0 0 0 0 1 
1 1 1 0 0 
0 0 1 1 0 
1 1 -1 0 0 
0 0 0 1 0 
1 0 1 1 0 
-1 1 1 -1 0 
0 1 -1 1 0 
0 -1 0 0 1 
0 1 0 1 0 
1 1 0 0 1 
-1 0 0 0 0 
1 1 0 -1 0 
-1 0 0 0 -1 
1 0 1 1 0 
-1 1 0 0 0 
0 0 0 0 1 
1 0 0 1 0 
0 0 0 -1 0 
1 1 1 1 1 
-1 1 1 0 -1 
0 -1 0 0 0 
1 0 0 0 0 
0 0 0 1 0 
1 1 1 0 0 
0 1 0 1 0 
0 0 0 1 0 
0 1 0 0 0 
1 0 0 0 0 
-1 1 0 1 0 
1 1 1 0 0 
-1 1 0 0 0 
0 -1 0 1 0 
1 0 0 0 0 
-1 1 1 0 0 
0 0 1 1 0 
0 0 -1 0 0 
0 0 1 1 0 
0 0 0 1 0 
0 0 0 -1 0 
1 1 0 1 0 
0 1 1 1 0 
0 0 1 1 0 
0 1 -1 0 0 
1 1 1 -1 0 
-1 0 0 0 0 
1 1 0 0 0 
-1 1 -1 0 0 
0 -1 0 0 1 
1 0 0 1 0 
-1 1 1 0 0 
1 0 1 0 0 
-1 1 0 0 1 
0 0 -1 0 0 
1 1 0 1 0 
0 0 0 1 0 
0 0 1 1 0 
0 1 0 1 0 
1 1 -1 0 0 
-1 0 0 0 0 
1 0 0 -1 0 
-1 1 1 0 0 
1 1 0 0 1 
-1 0 0 1 0 
0 0 -1 1 0 
0 1 0 0 0 
0 1 1 0 0 
0 0 0 0 -1 
0 1 0 0 0 
1 1 1 0 0 
0 0 0 0 1 
1 1 0 1 0 
-1 1 0 1 0 
0 0 0 1 0 
0 1 0 0 0 
0 1 1 -1 0 
0 -1 0 0 0 
1 0 0 0 0 
-1 0 0 0 0 
0 1 0 0 0 
1 0 0 0 1 
-1 0 0 1 1 
1 1 1 0 0 
-1 0 0 1 0 
0 0 -1 0 0 
0 1 0 0 -1 
1 0 1 0 1 
0 1 0 1 0 
0 1 0 0 0 
1 0 0 1 1 
0 1 0 1 -1 

Soal ke-3
CAR SEQUENCING PROBLEM
Berdasarkan perhitungan CSP, average utility dari soal tersebut adalah 0.85

GENETIC ALGORITHM
Urutan yang gagal dikerjakan: 44
Tundaan kerja: 122
Matriks urutan: 
1 0 0 0 0 
0 1 0 0 1 
1 1 1 0 0 
0 -1 0 1 0 
1 1 0 0 0 
-1 0 1 1 0 
0 0 0 1 0 
0 1 0 -1 0 
1 0 0 0 0 
0 0 0 0 1 
0 0 0 1 0 
1 0 0 1 0 
-1 1 0 1 0 
0 0 0 1 0 
1 1 0 -1 0 
0 0 1 1 0 
0 1 1 0 0 
0 0 -1 1 0 
1 0 0 0 0 
-1 1 0 0 0 
1 0 0 1 1 
-1 1 0 0 0 
1 0 0 0 0 
0 0 1 0 0 
0 1 0 1 0 
1 0 0 0 0 
-1 1 0 0 0 
0 1 0 1 1 
1 1 0 1 0 
-1 1 0 0 0 
1 0 0 0 0 
-1 0 1 0 0 
1 0 0 0 0 
0 0 -1 0 0 
1 1 1 0 0 
-1 1 1 1 0 
0 -1 0 0 0 
0 1 0 0 0 
1 0 0 0 0 
-1 0 0 0 0 
1 0 0 0 0 
-1 1 1 0 0 
1 0 0 0 0 
0 1 0 0 0 
1 0 0 0 0 
0 0 1 1 0 
0 1 0 0 0 
0 0 0 0 1 
1 1 0 1 0 
-1 0 1 0 0 
1 1 0 0 0 
-1 0 0 1 0 
0 0 1 0 0 
0 1 0 1 0 
0 0 0 1 0 
0 1 0 -1 0 
0 0 1 1 0 
1 0 1 1 0 
-1 1 -1 0 0 
1 0 0 0 0 
-1 0 0 0 1 
1 0 0 0 0 
-1 0 0 1 0 
0 0 1 0 0 
0 0 0 1 0 
1 1 0 0 0 
0 1 1 0 0 
0 -1 1 0 0 
1 1 -1 0 0 
0 0 1 1 0 
0 1 0 0 1 
1 1 0 0 0 
0 1 0 0 0 
0 -1 1 0 0 
0 0 0 1 0 
1 1 0 0 0 
-1 0 0 1 0 
0 1 0 0 0 
1 1 0 0 0 
-1 0 1 0 0 
1 0 1 0 0 
-1 1 -1 0 0 
0 0 1 0 0 
1 0 0 0 0 
-1 1 0 1 0 
0 0 1 0 0 
0 1 0 0 0 
0 0 -1 0 0 
1 1 1 0 0 
-1 1 0 0 1 
0 -1 0 1 1 
1 1 0 1 0 
0 0 1 0 0 
1 1 0 0 0 
0 1 -1 0 0 
0 0 1 0 0 
1 0 0 0 0 
0 0 -1 1 0 
1 1 1 1 0 
0 1 -1 0 0 

SIMULATED ANNEALING
Urutan yang gagal dikerjakan: 44
Tundaan kerja: 122
Matriks urutan: 
1 0 0 0 0 
0 1 0 0 1 
1 1 1 0 0 
0 -1 0 1 0 
1 1 0 0 0 
-1 0 1 1 0 
0 0 0 1 0 
0 1 0 -1 0 
1 0 0 0 0 
0 0 0 0 1 
0 0 0 1 0 
1 0 0 1 0 
-1 1 0 1 0 
0 0 0 1 0 
1 1 0 -1 0 
0 0 1 1 0 
0 1 1 0 0 
0 0 -1 1 0 
1 0 0 0 0 
-1 1 0 0 0 
1 0 0 1 1 
-1 1 0 0 0 
1 0 0 0 0 
0 0 1 0 0 
0 1 0 1 0 
1 0 0 0 0 
-1 1 0 0 0 
0 1 0 1 1 
1 1 0 1 0 
-1 1 0 0 0 
1 0 0 0 0 
-1 0 1 0 0 
1 0 0 0 0 
0 0 -1 0 0 
1 1 1 0 0 
-1 1 1 1 0 
0 -1 0 0 0 
0 1 0 0 0 
1 0 0 0 0 
-1 0 0 0 0 
1 0 0 0 0 
-1 1 1 0 0 
1 0 0 0 0 
0 1 0 0 0 
1 0 0 0 0 
0 0 1 1 0 
0 1 0 0 0 
0 0 0 0 1 
1 1 0 1 0 
-1 0 1 0 0 
1 1 0 0 0 
-1 0 0 1 0 
0 0 1 0 0 
0 1 0 1 0 
0 0 0 1 0 
0 1 0 -1 0 
0 0 1 1 0 
1 0 1 1 0 
-1 1 -1 0 0 
1 0 0 0 0 
-1 0 0 0 1 
1 0 0 0 0 
-1 0 0 1 0 
0 0 1 0 0 
0 0 0 1 0 
1 1 0 0 0 
0 1 1 0 0 
0 -1 1 0 0 
1 1 -1 0 0 
0 0 1 1 0 
0 1 0 0 1 
1 1 0 0 0 
0 1 0 0 0 
0 -1 1 0 0 
0 0 0 1 0 
1 1 0 0 0 
-1 0 0 1 0 
0 1 0 0 0 
1 1 0 0 0 
-1 0 1 0 0 
1 0 1 0 0 
-1 1 -1 0 0 
0 0 1 0 0 
1 0 0 0 0 
-1 1 0 1 0 
0 0 1 0 0 
0 1 0 0 0 
0 0 -1 0 0 
1 1 1 0 0 
-1 1 0 0 1 
0 -1 0 1 1 
1 1 0 1 0 
0 0 1 0 0 
1 1 0 0 0 
0 1 -1 0 0 
0 0 1 0 0 
1 0 0 0 0 
0 0 -1 1 0 
1 1 1 1 0 
0 1 -1 0 0 

HYBRID GA-SA
Urutan yang gagal dikerjakan: 50
Tundaan kerja: 149
Matriks urutan: 
0 1 0 1 0 
1 1 0 0 0 
-1 0 0 0 0 
1 0 0 0 1 
-1 1 0 0 1 
1 1 0 0 0 
-1 0 1 1 0 
0 1 0 0 1 
0 0 0 1 -1 
0 0 0 1 0 
1 0 1 0 0 
-1 0 1 0 0 
1 0 -1 0 1 
-1 0 1 0 0 
0 1 1 0 0 
0 0 -1 1 0 
1 1 1 1 0 
0 1 0 0 0 
0 0 -1 0 0 
0 0 0 -1 0 
1 0 0 0 0 
0 0 0 1 0 
0 0 1 0 0 
1 1 0 0 0 
-1 0 0 0 0 
1 0 0 0 0 
-1 0 0 1 0 
1 1 0 0 0 
0 0 0 1 0 
0 0 1 0 0 
1 1 0 0 1 
-1 0 -1 0 0 
0 1 0 1 0 
0 1 1 0 0 
0 1 0 0 0 
1 -1 0 0 0 
-1 1 0 0 0 
0 0 0 1 0 
0 1 1 0 0 
0 1 1 0 0 
0 0 -1 1 0 
1 0 0 0 0 
-1 1 0 0 0 
1 0 1 0 0 
-1 1 0 0 1 
1 1 0 1 0 
0 1 -1 0 0 
0 -1 1 1 0 
0 0 1 0 0 
0 1 -1 1 0 
0 0 1 0 0 
0 1 1 0 0 
0 1 -1 0 0 
0 0 1 0 0 
1 0 0 1 0 
0 0 0 1 0 
0 0 1 0 0 
1 1 0 0 0 
0 1 0 0 0 
0 -1 0 1 0 
1 0 0 1 1 
0 0 0 1 0 
1 1 1 1 0 
0 1 0 -1 0 
0 0 -1 0 0 
0 0 1 0 0 
1 1 0 1 0 
-1 1 0 0 0 
1 -1 1 0 0 
-1 0 1 0 0 
0 1 -1 0 0 
0 0 1 0 0 
0 0 1 1 0 
1 0 -1 0 0 
0 0 1 0 0 
0 0 0 0 1 
0 1 0 0 0 
1 1 0 0 0 
0 -1 1 0 0 
1 0 0 0 0 
0 1 0 0 1 
0 0 1 1 0 
0 0 1 0 0 
0 1 -1 0 0 
1 0 0 0 0 
0 0 0 1 0 
1 0 0 1 0 
-1 0 0 0 0 
1 0 0 0 0 
-1 0 0 1 0 
1 0 0 0 0 
-1 0 0 0 1 
0 0 0 1 0 
1 0 0 0 0 
0 0 1 1 0 
0 0 0 1 0 
0 1 0 -1 0 
0 1 1 1 0 
0 -1 1 0 0 
1 0 -1 0 0 

HYBRID SA-GA
Urutan yang gagal dikerjakan: 66
Tundaan kerja: 184
Matriks urutan: 
0 0 1 0 0 
1 1 0 1 0 
-1 1 -1 0 0 
1 -1 1 1 0 
-1 0 1 1 0 
0 1 -1 0 0 
0 1 0 0 0 
1 -1 0 1 0 
-1 0 1 0 0 
1 1 0 1 0 
-1 0 -1 1 0 
1 1 0 -1 0 
-1 0 0 0 0 
1 0 1 0 0 
-1 0 1 0 0 
1 0 -1 0 0 
-1 1 0 1 0 
1 0 1 0 0 
-1 1 0 1 0 
0 0 1 1 0 
0 0 -1 0 1 
0 0 0 -1 0 
0 0 0 1 0 
1 1 0 0 0 
0 1 0 0 -1 
0 0 1 1 0 
1 0 0 0 0 
-1 1 0 0 0 
0 0 0 1 0 
1 0 1 0 0 
-1 0 1 1 0 
1 1 -1 0 0 
-1 0 1 -1 0 
1 1 0 0 0 
-1 0 -1 0 0 
1 0 1 0 0 
-1 1 1 0 0 
1 0 -1 0 0 
0 0 1 0 0 
1 1 0 0 0 
-1 1 -1 0 0 
0 0 1 0 0 
0 1 0 0 1 
0 0 -1 1 0 
1 1 0 0 0 
0 1 1 0 0 
1 1 0 0 0 
-1 0 0 0 0 
1 0 0 0 0 
-1 0 1 0 0 
0 1 0 0 0 
0 1 0 0 0 
0 0 1 0 0 
0 0 1 0 0 
1 1 -1 0 0 
-1 0 0 1 0 
1 0 0 0 0 
-1 1 0 0 0 
0 0 1 1 0 
0 1 1 -1 0 
1 1 -1 0 0 
0 0 0 1 0 
1 0 0 0 0 
-1 0 0 0 0 
1 0 1 1 0 
-1 1 0 0 0 
1 0 -1 0 0 
-1 0 0 0 0 
0 0 1 0 0 
0 1 1 1 0 
1 1 -1 0 0 
0 0 0 0 1 
1 1 0 1 0 
0 1 0 0 1 
1 0 0 0 0 
-1 1 0 1 -1 
1 0 1 1 0 
-1 0 1 0 0 
1 0 0 1 0 
0 1 0 0 0 
1 1 1 -1 0 
0 -1 0 1 0 
0 0 0 1 0 
1 1 0 0 0 
0 1 1 0 0 
0 -1 1 0 0 
1 1 -1 0 0 
-1 0 0 0 0 
1 0 0 0 0 
-1 0 1 0 0 
0 1 0 0 0 
1 1 -1 1 0 
0 -1 1 0 0 
0 0 1 0 0 
0 1 -1 0 0 
1 1 0 0 1 
-1 1 1 1 0 
1 0 0 0 0 
-1 1 0 0 0 
0 0 0 1 0 

CYCLIC GA-SA
Urutan yang gagal dikerjakan: 41
Tundaan kerja: 115
Matriks urutan: 
1 1 0 0 0 
0 0 1 1 0 
0 0 0 1 0 
0 1 0 0 0 
1 1 0 0 0 
-1 0 1 0 0 
1 0 0 0 1 
-1 1 0 1 0 
0 0 1 0 0 
0 0 1 1 0 
1 0 -1 0 0 
-1 1 0 0 0 
0 1 0 0 0 
1 0 0 0 0 
-1 0 0 1 0 
0 1 0 1 0 
0 0 1 0 0 
1 0 1 0 0 
-1 1 -1 0 0 
0 0 0 1 0 
1 1 0 1 0 
0 0 0 1 0 
0 0 0 1 0 
0 0 1 -1 0 
0 1 1 0 0 
1 1 -1 0 1 
0 0 1 0 0 
1 0 0 0 0 
-1 0 0 0 1 
0 1 0 0 -1 
1 0 0 1 0 
-1 0 1 1 0 
1 0 0 0 0 
-1 0 1 1 0 
0 0 1 0 0 
0 1 -1 0 0 
0 0 0 1 0 
1 0 0 0 0 
-1 0 0 0 0 
0 0 0 1 0 
1 0 0 0 0 
-1 0 1 0 0 
1 0 0 0 1 
-1 1 0 1 0 
0 0 0 1 0 
0 0 0 1 0 
1 0 0 0 0 
0 1 0 -1 0 
0 0 1 0 0 
0 0 0 1 0 
0 1 0 0 1 
1 0 1 0 0 
-1 1 0 0 0 
1 0 0 0 0 
-1 0 0 0 0 
0 1 0 1 0 
0 0 0 1 0 
0 1 0 0 1 
0 1 1 0 0 
0 0 1 0 0 
0 0 -1 0 0 
0 1 1 0 0 
1 1 1 1 0 
0 0 -1 0 1 
0 0 1 1 0 
0 0 1 0 0 
0 1 -1 0 1 
1 0 0 0 0 
-1 1 1 1 0 
0 1 0 1 0 
1 1 0 0 0 
0 -1 1 0 0 
0 0 0 1 0 
1 0 0 0 0 
0 0 1 0 0 
1 1 0 0 0 
0 1 0 0 0 
1 0 1 0 0 
-1 0 0 1 1 
1 1 0 0 0 
-1 1 0 1 0 
1 0 0 0 0 
0 1 1 0 0 
0 1 0 0 0 
0 0 0 1 0 
0 0 1 1 0 
0 0 1 0 0 
1 1 -1 0 0 
0 0 1 0 0 
0 1 0 0 1 
0 0 0 1 0 
0 0 1 0 0 
1 1 1 0 0 
0 1 -1 0 0 
0 0 0 1 0 
0 1 1 0 0 
0 1 1 1 0 
1 -1 0 0 0 
0 1 1 0 0 
0 -1 1 0 0 

Soal ke-4
CAR SEQUENCING PROBLEM
Berdasarkan perhitungan CSP, average utility dari soal tersebut adalah 0.61

GENETIC ALGORITHM
Urutan yang gagal dikerjakan: 45
Tundaan kerja: 166
Matriks urutan: 
0 0 0 1 0 
0 0 0 1 0 
0 0 0 1 0 
1 0 0 0 0 
0 1 0 -1 0 
1 0 0 0 1 
0 0 0 1 0 
1 0 0 1 0 
0 1 0 0 0 
1 0 0 1 0 
0 1 0 -1 0 
0 0 0 1 1 
1 1 0 0 0 
-1 0 1 0 0 
0 0 0 1 0 
0 0 0 0 -1 
0 1 0 0 0 
0 1 1 0 0 
0 -1 0 0 0 
1 0 -1 0 0 
0 1 0 0 0 
0 1 0 0 0 
0 0 0 1 0 
1 0 0 0 0 
0 0 0 1 0 
1 0 0 0 0 
0 1 0 0 0 
0 1 0 0 0 
1 -1 1 1 0 
0 1 0 0 0 
1 1 0 0 0 
0 -1 1 1 0 
0 0 0 -1 0 
0 0 0 1 0 
0 1 0 0 0 
1 0 0 0 0 
0 1 0 0 0 
1 0 0 0 0 
0 1 0 0 0 
0 0 0 1 0 
0 1 0 0 0 
0 1 0 0 0 
0 0 0 1 0 
0 1 0 0 0 
0 0 0 1 0 
0 1 0 0 0 
0 0 0 0 1 
0 1 0 1 0 
0 0 0 0 1 
0 1 0 0 0 
0 0 0 0 -1 
0 1 0 0 0 
1 0 0 0 0 
0 1 0 0 0 
0 1 0 0 0 
0 -1 0 0 0 
0 0 0 0 1 
1 1 1 1 0 
0 0 0 0 1 
1 0 0 0 1 
0 0 1 1 -1 
0 1 0 0 0 
0 0 0 1 0 
0 0 0 1 0 
0 1 0 0 0 
0 0 1 0 0 
0 1 0 0 0 
0 1 0 0 0 
0 0 0 1 0 
0 0 0 0 1 
1 0 0 0 0 
0 0 1 0 0 
0 1 0 0 0 
0 0 0 1 0 
1 0 0 0 1 
0 1 0 0 0 
0 1 0 1 0 
0 -1 0 0 0 
0 0 0 1 0 
0 0 0 0 1 
0 1 0 0 0 
0 1 0 0 0 
0 0 0 1 0 
0 1 0 0 0 
1 1 1 0 0 
0 -1 0 0 0 
1 1 0 0 0 
0 1 0 1 0 
0 -1 0 0 0 
0 0 0 1 0 
0 1 0 0 0 
0 1 0 0 1 
1 0 0 0 0 
0 1 1 0 0 
1 0 0 0 0 
0 0 0 1 0 
0 1 0 0 0 
0 1 0 0 0 
0 -1 0 0 0 
0 1 1 0 0 
0 1 0 0 0 
0 -1 0 1 0 
0 1 0 0 0 
0 0 0 1 0 
0 1 0 0 0 
0 0 0 1 0 
1 0 0 0 0 
0 0 0 -1 0 
0 1 0 0 1 
1 0 0 0 0 
0 1 0 0 0 
1 0 0 0 0 
0 0 0 1 0 
0 1 0 0 0 
1 1 1 1 0 
0 0 0 1 0 
0 1 0 -1 0 
0 1 0 0 0 
1 0 0 1 0 
-1 0 0 0 0 
0 0 0 1 0 
0 0 0 1 0 
0 0 0 -1 1 
0 0 0 1 0 
0 0 0 1 0 
0 1 0 0 0 
1 0 1 0 0 
0 1 0 0 0 
0 0 -1 1 0 
0 0 0 0 1 
0 0 0 0 1 
0 0 0 1 0 
0 1 0 0 0 
0 0 0 1 -1 
0 1 0 0 0 
0 1 0 0 0 
0 1 0 0 0 
0 -1 0 1 0 
0 1 0 0 0 
0 0 0 0 1 
0 0 0 1 0 
0 1 0 0 0 
1 1 0 0 0 
0 0 0 1 0 
0 0 0 -1 0 
0 0 0 1 0 
1 0 0 0 0 
0 0 1 1 0 
0 1 0 0 0 
0 1 0 0 0 
1 0 0 0 0 
0 0 0 1 0 
0 0 0 1 0 
0 1 0 0 0 
0 1 0 0 0 
0 0 0 0 1 
0 0 0 1 0 
1 0 0 0 0 
-1 1 1 0 0 
1 0 1 0 0 
-1 0 0 1 0 
0 1 -1 0 1 
0 1 0 1 0 
0 -1 1 0 0 
0 0 0 1 0 
0 0 -1 0 0 
1 0 0 0 1 
0 1 0 0 0 
0 1 0 0 0 
0 -1 0 0 0 
1 0 0 1 0 
0 1 0 0 0 
0 1 0 0 0 
1 0 0 0 0 
0 0 0 1 0 
0 1 0 0 0 
0 0 0 1 0 
0 1 1 1 0 
0 0 0 1 0 
0 0 0 1 0 
0 0 1 -1 0 
0 1 0 0 0 
0 1 0 0 0 
0 -1 0 0 0 
0 0 0 1 0 
0 0 0 0 1 
1 1 0 0 0 
0 0 0 1 0 
0 0 0 -1 0 
0 0 0 0 -1 
0 0 1 1 0 
0 0 0 1 0 
1 0 0 0 0 
-1 0 0 0 1 
0 1 0 -1 0 
1 0 0 0 0 
-1 0 0 0 0 
1 0 0 0 0 
-1 1 0 0 0 
0 0 1 0 0 

SIMULATED ANNEALING
Urutan yang gagal dikerjakan: 45
Tundaan kerja: 166
Matriks urutan: 
0 0 0 1 0 
0 0 0 1 0 
0 0 0 1 0 
1 0 0 0 0 
0 1 0 -1 0 
1 0 0 0 1 
0 0 0 1 0 
1 0 0 1 0 
0 1 0 0 0 
1 0 0 1 0 
0 1 0 -1 0 
0 0 0 1 1 
1 1 0 0 0 
-1 0 1 0 0 
0 0 0 1 0 
0 0 0 0 -1 
0 1 0 0 0 
0 1 1 0 0 
0 -1 0 0 0 
1 0 -1 0 0 
0 1 0 0 0 
0 1 0 0 0 
0 0 0 1 0 
1 0 0 0 0 
0 0 0 1 0 
1 0 0 0 0 
0 1 0 0 0 
0 1 0 0 0 
1 -1 1 1 0 
0 1 0 0 0 
1 1 0 0 0 
0 -1 1 1 0 
0 0 0 -1 0 
0 0 0 1 0 
0 1 0 0 0 
1 0 0 0 0 
0 1 0 0 0 
1 0 0 0 0 
0 1 0 0 0 
0 0 0 1 0 
0 1 0 0 0 
0 1 0 0 0 
0 0 0 1 0 
0 1 0 0 0 
0 0 0 1 0 
0 1 0 0 0 
0 0 0 0 1 
0 1 0 1 0 
0 0 0 0 1 
0 1 0 0 0 
0 0 0 0 -1 
0 1 0 0 0 
1 0 0 0 0 
0 1 0 0 0 
0 1 0 0 0 
0 -1 0 0 0 
0 0 0 0 1 
1 1 1 1 0 
0 0 0 0 1 
1 0 0 0 1 
0 0 1 1 -1 
0 1 0 0 0 
0 0 0 1 0 
0 0 0 1 0 
0 1 0 0 0 
0 0 1 0 0 
0 1 0 0 0 
0 1 0 0 0 
0 0 0 1 0 
0 0 0 0 1 
1 0 0 0 0 
0 0 1 0 0 
0 1 0 0 0 
0 0 0 1 0 
1 0 0 0 1 
0 1 0 0 0 
0 1 0 1 0 
0 -1 0 0 0 
0 0 0 1 0 
0 0 0 0 1 
0 1 0 0 0 
0 1 0 0 0 
0 0 0 1 0 
0 1 0 0 0 
1 1 1 0 0 
0 -1 0 0 0 
1 1 0 0 0 
0 1 0 1 0 
0 -1 0 0 0 
0 0 0 1 0 
0 1 0 0 0 
0 1 0 0 1 
1 0 0 0 0 
0 1 1 0 0 
1 0 0 0 0 
0 0 0 1 0 
0 1 0 0 0 
0 1 0 0 0 
0 -1 0 0 0 
0 1 1 0 0 
0 1 0 0 0 
0 -1 0 1 0 
0 1 0 0 0 
0 0 0 1 0 
0 1 0 0 0 
0 0 0 1 0 
1 0 0 0 0 
0 0 0 -1 0 
0 1 0 0 1 
1 0 0 0 0 
0 1 0 0 0 
1 0 0 0 0 
0 0 0 1 0 
0 1 0 0 0 
1 1 1 1 0 
0 0 0 1 0 
0 1 0 -1 0 
0 1 0 0 0 
1 0 0 1 0 
-1 0 0 0 0 
0 0 0 1 0 
0 0 0 1 0 
0 0 0 -1 1 
0 0 0 1 0 
0 0 0 1 0 
0 1 0 0 0 
1 0 1 0 0 
0 1 0 0 0 
0 0 -1 1 0 
0 0 0 0 1 
0 0 0 0 1 
0 0 0 1 0 
0 1 0 0 0 
0 0 0 1 -1 
0 1 0 0 0 
0 1 0 0 0 
0 1 0 0 0 
0 -1 0 1 0 
0 1 0 0 0 
0 0 0 0 1 
0 0 0 1 0 
0 1 0 0 0 
1 1 0 0 0 
0 0 0 1 0 
0 0 0 -1 0 
0 0 0 1 0 
1 0 0 0 0 
0 0 1 1 0 
0 1 0 0 0 
0 1 0 0 0 
1 0 0 0 0 
0 0 0 1 0 
0 0 0 1 0 
0 1 0 0 0 
0 1 0 0 0 
0 0 0 0 1 
0 0 0 1 0 
1 0 0 0 0 
-1 1 1 0 0 
1 0 1 0 0 
-1 0 0 1 0 
0 1 -1 0 1 
0 1 0 1 0 
0 -1 1 0 0 
0 0 0 1 0 
0 0 -1 0 0 
1 0 0 0 1 
0 1 0 0 0 
0 1 0 0 0 
0 -1 0 0 0 
1 0 0 1 0 
0 1 0 0 0 
0 1 0 0 0 
1 0 0 0 0 
0 0 0 1 0 
0 1 0 0 0 
0 0 0 1 0 
0 1 1 1 0 
0 0 0 1 0 
0 0 0 1 0 
0 0 1 -1 0 
0 1 0 0 0 
0 1 0 0 0 
0 -1 0 0 0 
0 0 0 1 0 
0 0 0 0 1 
1 1 0 0 0 
0 0 0 1 0 
0 0 0 -1 0 
0 0 0 0 -1 
0 0 1 1 0 
0 0 0 1 0 
1 0 0 0 0 
-1 0 0 0 1 
0 1 0 -1 0 
1 0 0 0 0 
-1 0 0 0 0 
1 0 0 0 0 
-1 1 0 0 0 
0 0 1 0 0 

HYBRID GA-SA
Urutan yang gagal dikerjakan: 60
Tundaan kerja: 211
Matriks urutan: 
0 0 0 1 0 
0 1 0 0 0 
0 1 0 0 0 
0 -1 0 0 0 
0 1 0 1 0 
0 1 0 0 0 
1 -1 0 0 0 
0 1 0 0 0 
1 0 0 0 0 
0 1 0 0 0 
0 0 0 1 0 
0 1 0 0 0 
0 1 0 0 0 
0 -1 0 1 0 
1 1 1 0 1 
0 1 0 0 0 
0 -1 0 1 0 
0 0 0 1 0 
0 0 1 1 0 
1 0 0 0 0 
-1 1 0 0 0 
1 1 0 0 0 
-1 0 0 1 0 
0 0 0 1 0 
1 0 0 1 0 
-1 1 1 0 1 
0 0 0 1 0 
1 1 0 -1 0 
0 0 0 1 0 
0 1 0 0 0 
1 0 0 0 0 
0 1 0 0 0 
0 1 0 1 0 
0 1 0 0 0 
0 -1 0 0 0 
0 0 0 1 0 
0 0 0 1 0 
0 1 1 0 1 
0 1 0 0 0 
0 -1 0 0 0 
1 0 1 0 0 
0 0 1 0 0 
0 1 -1 1 0 
0 0 0 1 0 
0 1 0 1 0 
0 1 0 0 0 
0 1 0 -1 0 
0 -1 0 1 0 
0 1 0 0 0 
1 1 1 0 0 
0 0 0 1 0 
0 1 0 -1 0 
0 0 0 0 1 
0 0 1 0 0 
0 1 0 1 0 
0 1 0 0 0 
0 -1 0 1 0 
1 0 0 0 0 
-1 1 0 0 0 
1 0 0 0 0 
-1 1 0 1 0 
0 0 0 0 1 
0 1 0 0 0 
0 1 0 0 0 
1 0 0 0 1 
-1 0 0 0 -1 
1 0 0 0 0 
-1 0 0 0 1 
0 0 0 1 0 
0 0 1 1 0 
0 0 0 1 0 
0 0 0 1 0 
0 0 1 -1 0 
0 0 0 0 1 
0 0 0 0 1 
0 0 1 0 0 
0 1 0 1 0 
1 0 0 1 -1 
0 0 0 1 0 
1 0 0 0 0 
0 0 0 -1 0 
0 1 0 1 0 
0 0 0 0 1 
0 0 1 0 0 
0 1 0 0 0 
0 0 -1 1 0 
1 1 1 0 0 
0 0 1 0 0 
1 0 -1 0 0 
0 0 0 1 0 
0 1 0 0 0 
0 1 0 0 0 
0 -1 0 0 0 
0 1 1 0 0 
0 1 0 1 0 
0 -1 0 0 1 
0 0 0 1 0 
0 0 0 0 1 
0 1 0 0 0 
0 0 0 -1 0 
0 1 0 0 1 
0 1 1 1 -1 
0 0 0 1 0 
0 1 0 0 0 
0 1 0 0 0 
1 1 1 0 0 
0 -1 0 0 1 
0 1 0 0 0 
0 0 0 1 1 
0 0 0 1 0 
0 0 0 1 -1 
0 1 1 0 0 
1 1 0 -1 0 
-1 0 0 0 0 
0 0 0 0 1 
0 1 0 0 0 
0 1 0 0 0 
1 0 0 0 0 
-1 0 1 1 0 
0 0 0 1 0 
0 1 0 0 0 
0 0 0 1 0 
0 0 0 -1 0 
0 1 0 0 0 
0 1 0 0 0 
0 0 1 0 0 
0 1 0 0 0 
0 0 -1 0 0 
0 1 0 0 0 
1 0 0 0 0 
0 0 0 1 0 
0 0 0 0 1 
0 1 0 0 0 
0 1 1 0 0 
0 -1 0 0 1 
0 1 0 0 -1 
0 0 1 1 0 
0 1 0 0 0 
0 1 0 0 0 
0 1 0 0 0 
0 -1 0 0 0 
0 1 0 0 0 
0 0 0 1 0 
0 0 0 0 1 
0 1 0 0 0 
1 1 0 1 0 
0 -1 0 0 0 
1 0 0 0 0 
0 0 0 1 0 
1 1 1 0 0 
0 1 0 0 0 
1 0 0 0 0 
0 1 0 1 0 
1 0 0 0 0 
0 1 0 0 1 
0 1 0 0 0 
0 0 0 1 0 
0 0 0 0 1 
0 0 0 1 -1 
0 0 0 1 0 
0 1 0 -1 0 
0 0 0 1 0 
1 1 0 0 0 
0 0 1 0 0 
0 0 0 1 0 
0 0 -1 0 0 
0 1 0 0 0 
0 1 0 0 0 
1 -1 0 0 0 
0 1 0 0 0 
0 1 0 0 0 
0 -1 0 0 0 
0 1 0 0 0 
1 0 1 0 0 
0 1 0 0 0 
1 0 0 0 0 
0 1 0 0 0 
0 0 0 1 0 
0 1 0 0 1 
1 0 0 0 0 
-1 1 0 0 0 
0 1 0 1 0 
0 -1 0 1 0 
1 0 0 0 0 
0 0 0 1 0 
0 1 0 0 0 
1 1 0 0 0 
0 -1 0 0 0 
0 1 0 0 0 
0 0 0 1 0 
0 0 0 1 0 
0 0 0 1 0 
0 1 0 1 0 
1 1 0 -1 0 
0 0 1 1 0 
0 1 0 0 1 
0 1 0 0 0 
0 -1 0 0 0 
0 1 0 0 0 
1 0 0 0 -1 

HYBRID SA-GA
Urutan yang gagal dikerjakan: 65
Tundaan kerja: 261
Matriks urutan: 
0 0 0 1 0 
0 0 0 1 0 
0 1 0 0 0 
0 1 0 0 0 
0 0 1 0 0 
0 1 0 0 0 
1 0 0 0 1 
0 0 0 1 0 
0 1 1 1 0 
0 0 0 1 0 
0 0 0 1 0 
0 1 0 -1 0 
0 0 0 0 1 
0 1 0 1 0 
1 0 0 0 1 
0 1 0 0 0 
0 1 0 1 -1 
0 0 1 0 0 
0 1 0 0 0 
0 0 0 1 0 
0 0 0 0 1 
0 0 0 1 0 
0 1 0 0 0 
0 0 0 -1 0 
1 0 0 0 0 
0 1 1 0 1 
1 0 0 0 0 
-1 1 0 0 0 
0 0 0 0 1 
0 1 0 0 0 
1 0 0 0 -1 
0 0 0 1 0 
0 1 0 1 0 
0 0 0 0 1 
0 0 0 1 0 
0 0 0 -1 0 
0 0 0 1 0 
0 1 0 0 -1 
0 1 0 0 0 
0 0 1 0 0 
0 0 1 1 0 
0 0 -1 1 0 
0 1 0 0 0 
0 1 0 0 0 
0 -1 0 0 0 
0 0 0 1 0 
0 1 0 0 0 
1 0 0 0 0 
0 1 0 0 0 
0 1 0 0 0 
0 1 0 0 0 
0 -1 0 0 0 
0 1 0 0 0 
1 0 0 0 0 
-1 0 0 0 0 
0 1 0 0 0 
0 0 0 1 0 
1 0 0 0 0 
0 0 0 1 0 
0 1 0 0 0 
1 0 0 0 1 
0 0 0 0 1 
0 0 0 1 0 
0 0 0 1 0 
0 0 0 1 -1 
1 0 0 0 1 
0 0 0 -1 1 
0 0 0 0 1 
1 0 0 1 0 
-1 1 0 0 -1 
0 1 0 0 0 
0 0 0 1 0 
1 1 1 0 0 
0 1 0 0 0 
0 -1 0 0 0 
0 1 0 0 0 
0 0 0 0 1 
0 0 0 0 1 
0 1 0 0 0 
0 1 0 0 0 
1 0 0 0 -1 
0 0 0 1 0 
1 0 0 0 0 
0 1 0 0 1 
1 1 1 1 0 
0 -1 0 0 0 
0 0 0 0 1 
0 0 0 1 -1 
1 0 0 0 0 
0 0 1 0 0 
0 1 0 0 0 
0 1 0 0 0 
0 0 0 1 0 
1 0 1 0 0 
-1 1 0 0 0 
0 1 0 0 1 
0 -1 0 0 0 
0 1 0 0 0 
1 0 0 0 0 
0 1 0 0 0 
0 0 0 1 0 
0 1 1 0 1 
0 1 1 0 0 
0 0 -1 1 0 
0 0 0 -1 0 
0 1 0 0 0 
0 1 0 0 0 
0 -1 0 0 0 
0 1 0 0 0 
0 0 0 1 0 
0 0 0 1 0 
0 0 0 0 1 
0 0 0 1 0 
0 0 0 -1 0 
1 0 0 0 0 
0 0 0 1 0 
0 0 0 1 0 
0 0 0 1 0 
0 1 0 0 0 
0 0 0 -1 0 
0 1 0 0 1 
1 1 1 1 0 
0 0 0 1 0 
0 0 -1 1 0 
0 0 0 1 -1 
1 0 0 -1 0 
-1 0 0 1 0 
0 0 0 1 0 
0 0 0 1 0 
1 1 0 0 0 
0 0 1 -1 0 
0 0 1 0 0 
1 0 -1 1 0 
0 0 0 1 0 
0 0 0 1 0 
0 0 1 1 0 
0 0 0 -1 1 
0 1 0 0 0 
1 1 0 0 0 
0 -1 0 0 0 
0 1 0 0 0 
1 1 0 0 0 
0 -1 0 0 1 
0 1 0 0 0 
0 0 0 1 0 
0 1 0 0 0 
0 0 0 1 0 
1 0 0 0 0 
0 0 0 -1 0 
0 1 0 0 0 
0 0 0 1 1 
0 1 0 0 0 
0 0 1 1 0 
0 1 0 0 0 
0 0 0 -1 0 
0 1 0 0 0 
1 0 0 0 0 
0 0 0 1 0 
0 0 1 1 0 
0 1 0 0 0 
0 1 0 0 0 
1 -1 0 0 0 
0 0 0 1 0 
0 0 0 1 0 
0 0 0 1 0 
0 0 0 1 0 
1 0 0 -1 0 
-1 1 0 0 0 
1 0 1 1 0 
-1 1 0 0 0 
0 1 0 0 0 
0 1 0 1 0 
0 -1 0 1 0 
1 1 0 -1 0 
-1 1 0 0 0 
0 0 0 1 0 
0 1 0 0 0 
0 1 0 0 0 
0 0 0 1 0 
0 0 0 -1 0 
0 0 1 0 0 
1 1 0 0 0 
0 1 0 0 0 
0 -1 0 1 0 
0 1 0 0 0 
0 0 1 0 0 
1 1 0 0 0 
0 1 0 0 1 
1 0 1 1 0 
-1 0 0 0 0 
0 1 0 1 0 
0 1 0 1 0 
0 0 0 1 0 
0 1 0 -1 0 
1 0 0 0 0 
-1 1 1 0 0 
0 0 0 0 1 
0 0 0 1 0 
0 0 0 1 0 
0 1 0 0 0 

CYCLIC GA-SA
Urutan yang gagal dikerjakan: 57
Tundaan kerja: 230
Matriks urutan: 
0 1 0 0 0 
0 1 0 0 0 
0 0 0 0 1 
0 1 0 0 0 
0 1 0 0 1 
0 0 0 0 1 
0 0 0 1 -1 
1 0 1 1 0 
0 0 0 1 0 
0 0 -1 0 0 
1 1 0 -1 0 
0 0 0 0 1 
0 0 0 1 0 
0 1 0 0 0 
0 0 0 1 0 
1 0 0 0 0 
-1 1 0 0 0 
0 1 0 1 0 
0 -1 1 0 0 
1 0 0 0 0 
0 0 0 1 0 
0 0 0 0 1 
0 0 0 0 1 
0 1 0 0 0 
1 0 0 1 0 
0 1 0 0 -1 
0 0 1 0 0 
0 0 1 0 0 
0 1 -1 0 1 
0 0 0 1 0 
0 0 0 1 0 
0 0 1 1 0 
1 0 0 0 0 
0 1 0 -1 0 
1 1 0 0 0 
0 0 0 1 0 
0 0 0 0 1 
0 1 0 0 0 
1 0 0 0 0 
0 0 0 1 0 
0 1 0 0 0 
0 1 0 0 0 
0 0 0 0 1 
0 1 0 1 0 
0 0 0 0 1 
0 1 0 0 0 
0 1 0 0 -1 
1 1 0 0 0 
-1 1 1 0 0 
0 1 0 0 0 
0 1 0 0 0 
0 -1 0 1 0 
1 1 0 0 0 
0 0 0 1 0 
0 1 0 0 0 
1 0 0 0 0 
0 1 0 0 0 
0 0 0 1 0 
1 0 0 0 0 
0 1 0 0 0 
0 0 0 0 1 
1 0 0 0 0 
0 0 0 1 0 
0 1 0 1 0 
0 0 0 0 -1 
0 0 0 1 0 
0 1 0 -1 0 
0 1 0 0 0 
1 0 0 0 0 
0 0 0 1 0 
0 0 0 1 0 
0 1 0 1 0 
1 0 0 0 0 
0 1 0 -1 0 
0 0 0 1 0 
0 0 0 1 0 
0 0 0 1 0 
0 0 0 0 1 
0 0 0 -1 0 
0 1 0 0 0 
0 1 0 0 0 
0 0 0 0 -1 
0 1 0 0 0 
0 0 0 1 0 
1 0 0 1 0 
0 0 0 1 0 
0 1 0 1 0 
0 1 0 -1 0 
0 -1 0 0 0 
0 1 0 0 0 
1 1 1 1 0 
0 -1 0 0 0 
0 1 0 0 0 
0 1 0 1 0 
1 -1 1 0 1 
0 0 0 1 0 
0 0 0 1 0 
1 0 0 0 0 
-1 0 0 0 -1 
1 0 0 0 0 
-1 1 0 0 0 
1 1 0 0 0 
0 0 0 1 0 
0 0 0 1 0 
0 0 0 1 0 
0 0 0 1 0 
0 1 0 -1 0 
0 1 0 0 0 
0 -1 0 0 1 
0 1 0 0 0 
1 0 0 0 0 
0 0 0 0 1 
0 1 0 0 -1 
0 0 0 1 0 
1 0 0 0 0 
-1 0 0 0 0 
0 1 0 0 0 
0 0 0 1 0 
0 0 0 1 0 
0 0 0 1 0 
0 0 0 1 0 
0 0 1 0 0 
0 0 1 -1 0 
0 0 -1 0 0 
0 1 0 0 0 
0 1 0 0 0 
0 0 0 0 1 
0 0 0 1 0 
0 0 0 1 0 
0 1 0 1 0 
0 1 0 0 0 
0 0 0 -1 0 
0 0 1 1 0 
0 1 0 0 0 
0 0 0 1 0 
0 1 1 0 0 
0 1 0 0 1 
0 1 0 0 0 
0 -1 0 0 0 
0 0 0 1 0 
0 0 0 1 0 
0 1 0 0 0 
0 0 0 1 0 
0 1 0 -1 0 
0 0 0 1 0 
0 0 0 1 0 
0 0 0 0 1 
0 1 0 0 0 
0 0 0 0 1 
0 0 0 0 1 
0 1 0 0 -1 
0 0 1 1 0 
0 1 1 1 0 
0 0 -1 0 0 
0 1 0 0 0 
0 0 0 -1 0 
0 1 0 0 0 
0 1 0 1 0 
1 0 0 0 0 
0 1 0 0 0 
0 1 0 0 0 
0 0 0 0 1 
0 0 0 1 0 
1 0 0 1 0 
0 1 0 0 0 
0 0 1 0 0 
0 0 0 -1 0 
0 0 0 0 1 
0 0 0 0 1 
0 1 0 0 0 
0 0 0 1 0 
0 1 0 0 -1 
0 0 0 1 0 
0 1 0 1 0 
0 0 0 -1 0 
0 1 0 0 0 
0 0 0 1 0 
0 1 0 0 0 
0 0 0 1 0 
0 1 0 0 0 
0 1 0 0 0 
0 1 0 0 0 
0 -1 0 1 0 
0 1 0 0 0 
1 0 0 0 0 
-1 0 0 1 0 
0 0 0 1 0 
0 1 0 0 0 
0 0 0 1 0 
1 1 0 0 0 
-1 0 0 1 0 
0 0 0 1 0 
1 0 0 -1 1 
0 0 1 0 0 
0 0 0 0 1 
0 1 0 0 0 
1 0 0 1 -1 
0 1 0 1 0 
0 0 0 1 0 
0 0 0 -1 0 

Soal ke-5
CAR SEQUENCING PROBLEM
Berdasarkan perhitungan CSP, average utility dari soal tersebut adalah 0.75

GENETIC ALGORITHM
Urutan yang gagal dikerjakan: 74
Tundaan kerja: 252
Matriks urutan: 
1 1 1 0 0 
-1 0 0 0 0 
1 1 0 0 0 
-1 0 1 0 0 
0 0 0 0 1 
0 0 0 1 1 
0 1 0 0 0 
1 1 0 0 0 
0 0 0 1 -1 
0 0 0 -1 0 
1 0 0 0 1 
0 0 0 0 1 
0 0 0 0 1 
1 0 0 0 0 
0 1 1 1 -1 
0 1 0 0 1 
0 -1 1 0 0 
1 1 0 0 0 
0 1 0 0 0 
1 -1 0 0 1 
0 1 0 0 -1 
1 1 1 0 0 
0 0 0 0 1 
1 1 0 0 0 
-1 1 0 0 0 
0 0 0 1 1 
0 1 0 0 -1 
0 1 0 1 0 
0 0 1 1 1 
0 0 0 -1 0 
0 1 0 0 0 
0 1 0 1 0 
1 -1 0 0 0 
0 1 0 0 0 
0 1 0 0 0 
1 -1 0 1 0 
-1 0 0 0 0 
1 0 1 0 0 
-1 1 0 0 0 
1 1 0 0 0 
0 -1 0 1 0 
1 1 0 0 0 
0 0 1 0 0 
0 0 0 1 0 
1 0 0 0 0 
0 1 0 0 0 
1 0 0 1 0 
0 1 0 0 0 
0 0 0 1 0 
0 0 0 0 1 
1 0 0 -1 0 
-1 1 1 0 0 
1 0 0 0 0 
-1 0 0 1 0 
0 0 0 0 -1 
0 1 0 0 0 
1 1 0 0 0 
0 0 0 1 1 
0 0 0 0 1 
0 1 0 1 0 
1 0 0 0 0 
0 1 0 0 -1 
0 1 0 0 0 
0 1 0 0 1 
0 -1 0 0 0 
1 0 1 0 0 
-1 0 0 0 0 
0 1 0 0 0 
0 0 0 1 0 
1 1 1 0 0 
0 1 0 0 1 
0 1 0 0 0 
0 -1 0 1 0 
0 0 1 0 0 
0 1 0 0 -1 
1 1 0 1 0 
0 0 0 1 0 
1 1 0 0 0 
0 1 0 0 0 
1 -1 0 0 0 
0 1 1 0 0 
0 1 0 0 0 
1 -1 1 0 0 
-1 0 0 0 0 
0 1 0 0 0 
0 0 0 1 0 
1 1 0 0 0 
-1 0 0 0 1 
1 1 0 0 0 
-1 0 0 0 1 
1 0 0 0 0 
0 0 1 0 -1 
0 0 0 1 0 
0 1 0 0 0 
0 1 1 0 0 
0 -1 0 0 0 
0 1 0 0 0 
1 0 1 1 0 
-1 1 0 0 0 
1 0 0 0 0 
-1 0 -1 0 0 
0 1 0 0 0 
1 0 0 0 0 
0 0 1 0 1 
0 0 1 0 0 
0 1 -1 1 0 
0 1 0 0 0 
0 -1 0 0 0 
0 1 0 0 0 
0 0 0 1 0 
0 0 1 0 0 
1 1 0 0 0 
-1 0 0 0 0 
0 0 1 0 0 
0 0 1 0 0 
0 0 -1 1 0 
0 0 1 0 0 
0 0 1 0 0 
0 1 -1 0 0 
1 1 0 0 0 
0 0 0 1 0 
0 1 0 0 0 
0 0 1 0 0 
1 0 0 0 0 
0 1 0 0 0 
0 1 0 1 0 
0 -1 0 1 0 
1 0 0 0 0 
0 1 0 0 0 
1 0 0 0 0 
0 1 0 0 0 
0 0 1 1 0 
1 1 0 0 0 
0 0 0 1 0 
0 0 0 1 0 
1 1 0 -1 0 
-1 0 1 1 0 
0 0 0 0 1 
1 0 0 1 0 
0 1 0 0 0 
0 0 0 -1 0 
0 0 1 0 0 
0 0 1 0 0 
1 1 -1 1 0 
0 1 0 0 1 
1 0 0 0 0 
0 0 0 1 0 
0 1 0 0 0 
1 0 0 1 0 
0 0 0 1 0 
0 1 0 0 0 
0 0 0 1 0 
1 1 1 -1 1 
0 0 0 1 0 
0 1 0 0 0 
0 1 0 0 0 
1 0 0 0 -1 
0 0 1 1 0 
0 1 0 0 0 
0 0 -1 0 1 
0 0 0 1 0 
0 0 1 0 0 
0 0 0 1 0 
0 1 0 1 0 
1 0 0 -1 0 
0 0 0 0 1 
0 0 0 1 0 
1 0 1 1 0 
-1 1 1 0 0 
0 1 -1 1 -1 
0 0 0 -1 0 
1 0 0 0 1 
-1 0 0 0 0 
0 1 0 0 0 
1 1 1 0 0 
0 -1 1 0 0 
0 1 -1 0 0 
0 1 0 0 0 
1 -1 0 0 0 
0 0 0 1 0 
0 1 0 0 0 
0 1 0 0 0 
0 -1 0 0 0 
0 1 1 0 0 
1 0 0 1 0 
0 1 0 0 0 
0 0 0 1 0 
0 0 0 1 0 
0 0 1 -1 0 
1 0 0 0 0 
-1 1 0 0 0 
1 0 1 1 0 
-1 0 0 0 1 
0 0 0 1 0 
1 0 0 0 0 
0 1 0 0 0 
1 0 1 -1 0 
0 0 0 1 0 
1 1 -1 0 1 
0 1 -1 1 0 

SIMULATED ANNEALING
Urutan yang gagal dikerjakan: 74
Tundaan kerja: 252
Matriks urutan: 
1 1 1 0 0 
-1 0 0 0 0 
1 1 0 0 0 
-1 0 1 0 0 
0 0 0 0 1 
0 0 0 1 1 
0 1 0 0 0 
1 1 0 0 0 
0 0 0 1 -1 
0 0 0 -1 0 
1 0 0 0 1 
0 0 0 0 1 
0 0 0 0 1 
1 0 0 0 0 
0 1 1 1 -1 
0 1 0 0 1 
0 -1 1 0 0 
1 1 0 0 0 
0 1 0 0 0 
1 -1 0 0 1 
0 1 0 0 -1 
1 1 1 0 0 
0 0 0 0 1 
1 1 0 0 0 
-1 1 0 0 0 
0 0 0 1 1 
0 1 0 0 -1 
0 1 0 1 0 
0 0 1 1 1 
0 0 0 -1 0 
0 1 0 0 0 
0 1 0 1 0 
1 -1 0 0 0 
0 1 0 0 0 
0 1 0 0 0 
1 -1 0 1 0 
-1 0 0 0 0 
1 0 1 0 0 
-1 1 0 0 0 
1 1 0 0 0 
0 -1 0 1 0 
1 1 0 0 0 
0 0 1 0 0 
0 0 0 1 0 
1 0 0 0 0 
0 1 0 0 0 
1 0 0 1 0 
0 1 0 0 0 
0 0 0 1 0 
0 0 0 0 1 
1 0 0 -1 0 
-1 1 1 0 0 
1 0 0 0 0 
-1 0 0 1 0 
0 0 0 0 -1 
0 1 0 0 0 
1 1 0 0 0 
0 0 0 1 1 
0 0 0 0 1 
0 1 0 1 0 
1 0 0 0 0 
0 1 0 0 -1 
0 1 0 0 0 
0 1 0 0 1 
0 -1 0 0 0 
1 0 1 0 0 
-1 0 0 0 0 
0 1 0 0 0 
0 0 0 1 0 
1 1 1 0 0 
0 1 0 0 1 
0 1 0 0 0 
0 -1 0 1 0 
0 0 1 0 0 
0 1 0 0 -1 
1 1 0 1 0 
0 0 0 1 0 
1 1 0 0 0 
0 1 0 0 0 
1 -1 0 0 0 
0 1 1 0 0 
0 1 0 0 0 
1 -1 1 0 0 
-1 0 0 0 0 
0 1 0 0 0 
0 0 0 1 0 
1 1 0 0 0 
-1 0 0 0 1 
1 1 0 0 0 
-1 0 0 0 1 
1 0 0 0 0 
0 0 1 0 -1 
0 0 0 1 0 
0 1 0 0 0 
0 1 1 0 0 
0 -1 0 0 0 
0 1 0 0 0 
1 0 1 1 0 
-1 1 0 0 0 
1 0 0 0 0 
-1 0 -1 0 0 
0 1 0 0 0 
1 0 0 0 0 
0 0 1 0 1 
0 0 1 0 0 
0 1 -1 1 0 
0 1 0 0 0 
0 -1 0 0 0 
0 1 0 0 0 
0 0 0 1 0 
0 0 1 0 0 
1 1 0 0 0 
-1 0 0 0 0 
0 0 1 0 0 
0 0 1 0 0 
0 0 -1 1 0 
0 0 1 0 0 
0 0 1 0 0 
0 1 -1 0 0 
1 1 0 0 0 
0 0 0 1 0 
0 1 0 0 0 
0 0 1 0 0 
1 0 0 0 0 
0 1 0 0 0 
0 1 0 1 0 
0 -1 0 1 0 
1 0 0 0 0 
0 1 0 0 0 
1 0 0 0 0 
0 1 0 0 0 
0 0 1 1 0 
1 1 0 0 0 
0 0 0 1 0 
0 0 0 1 0 
1 1 0 -1 0 
-1 0 1 1 0 
0 0 0 0 1 
1 0 0 1 0 
0 1 0 0 0 
0 0 0 -1 0 
0 0 1 0 0 
0 0 1 0 0 
1 1 -1 1 0 
0 1 0 0 1 
1 0 0 0 0 
0 0 0 1 0 
0 1 0 0 0 
1 0 0 1 0 
0 0 0 1 0 
0 1 0 0 0 
0 0 0 1 0 
1 1 1 -1 1 
0 0 0 1 0 
0 1 0 0 0 
0 1 0 0 0 
1 0 0 0 -1 
0 0 1 1 0 
0 1 0 0 0 
0 0 -1 0 1 
0 0 0 1 0 
0 0 1 0 0 
0 0 0 1 0 
0 1 0 1 0 
1 0 0 -1 0 
0 0 0 0 1 
0 0 0 1 0 
1 0 1 1 0 
-1 1 1 0 0 
0 1 -1 1 -1 
0 0 0 -1 0 
1 0 0 0 1 
-1 0 0 0 0 
0 1 0 0 0 
1 1 1 0 0 
0 -1 1 0 0 
0 1 -1 0 0 
0 1 0 0 0 
1 -1 0 0 0 
0 0 0 1 0 
0 1 0 0 0 
0 1 0 0 0 
0 -1 0 0 0 
0 1 1 0 0 
1 0 0 1 0 
0 1 0 0 0 
0 0 0 1 0 
0 0 0 1 0 
0 0 1 -1 0 
1 0 0 0 0 
-1 1 0 0 0 
1 0 1 1 0 
-1 0 0 0 1 
0 0 0 1 0 
1 0 0 0 0 
0 1 0 0 0 
1 0 1 -1 0 
0 0 0 1 0 
1 1 -1 0 1 
0 1 -1 1 0 

HYBRID GA-SA
Urutan yang gagal dikerjakan: 71
Tundaan kerja: 243
Matriks urutan: 
1 0 0 0 0 
0 0 1 1 0 
0 0 0 1 0 
0 1 -1 0 0 
0 0 1 0 0 
1 0 0 0 0 
0 0 0 0 1 
0 0 0 0 1 
1 0 0 0 1 
-1 0 0 0 0 
1 1 0 0 -1 
-1 0 1 0 0 
0 1 1 0 0 
1 0 -1 1 0 
-1 1 0 0 0 
1 0 0 0 0 
-1 1 0 0 0 
0 1 0 0 1 
0 1 1 1 0 
0 -1 0 0 0 
1 0 0 1 0 
0 1 1 0 -1 
1 1 0 0 0 
0 0 -1 0 0 
0 1 1 0 0 
0 1 0 0 0 
1 0 0 0 0 
0 1 0 0 0 
0 1 1 0 0 
0 -1 0 0 0 
0 0 0 1 0 
1 0 1 0 0 
-1 1 0 0 0 
0 1 0 0 0 
0 -1 0 0 0 
0 1 0 0 0 
0 0 0 1 0 
0 0 0 1 0 
1 0 1 1 0 
0 1 0 0 0 
0 0 0 -1 0 
1 0 0 0 0 
-1 0 0 0 0 
0 1 1 0 0 
1 1 1 0 0 
0 0 -1 0 0 
1 1 0 0 0 
-1 0 0 0 1 
1 1 0 0 0 
-1 1 1 0 0 
1 0 0 0 1 
-1 1 0 0 0 
1 0 0 0 -1 
0 0 1 1 0 
0 1 0 1 0 
0 1 0 1 1 
1 0 1 0 0 
0 1 0 -1 0 
1 0 0 1 0 
-1 0 0 0 0 
0 1 0 0 0 
0 1 0 0 0 
0 -1 0 0 0 
1 0 0 0 0 
-1 0 0 0 0 
0 0 0 1 0 
0 0 0 1 0 
0 1 0 0 0 
0 1 0 0 0 
0 0 0 -1 0 
0 1 0 1 0 
0 1 0 1 0 
0 0 0 0 1 
0 1 0 0 0 
1 0 1 0 0 
-1 0 0 0 0 
1 0 0 0 0 
-1 0 0 0 -1 
1 1 0 0 0 
-1 0 0 1 0 
0 0 0 1 0 
0 1 0 0 0 
0 1 0 0 0 
0 -1 0 0 0 
0 1 1 0 0 
0 0 0 1 1 
0 0 -1 0 0 
0 0 0 0 1 
1 0 0 1 1 
0 0 1 0 -1 
0 1 0 0 0 
0 1 0 0 0 
0 0 0 1 0 
0 1 1 0 1 
1 0 0 0 0 
0 0 -1 0 0 
0 0 1 0 0 
1 0 0 0 -1 
0 1 0 0 0 
1 0 0 0 1 
0 1 0 0 0 
1 0 0 1 1 
0 0 0 1 0 
0 1 0 0 -1 
0 1 0 0 0 
1 0 0 0 1 
0 1 0 0 0 
0 0 0 1 0 
1 1 0 0 0 
0 1 0 0 0 
0 0 0 1 0 
0 0 0 -1 0 
0 1 0 0 0 
0 0 1 0 0 
0 0 0 1 0 
1 0 -1 1 0 
0 0 1 0 0 
0 0 1 1 0 
0 0 -1 1 0 
0 1 0 0 0 
0 1 0 0 0 
0 0 1 0 1 
0 1 0 0 0 
0 1 0 0 1 
0 0 0 0 1 
0 0 0 1 -1 
1 0 0 1 0 
0 1 0 1 0 
0 0 0 1 1 
0 1 1 -1 0 
0 0 0 1 1 
0 1 0 0 0 
1 0 1 0 -1 
-1 0 1 0 0 
1 0 0 1 0 
-1 1 0 0 0 
0 0 0 1 0 
0 1 0 0 0 
0 0 0 0 1 
1 0 0 0 0 
0 1 0 0 0 
0 1 0 0 0 
0 0 0 1 0 
0 1 1 0 0 
0 1 1 0 0 
0 0 -1 1 0 
0 0 0 0 1 
0 1 0 0 0 
1 0 0 0 0 
-1 0 0 0 0 
1 0 0 1 0 
-1 1 1 0 0 
0 1 0 0 0 
0 -1 0 1 0 
0 0 0 1 0 
0 0 0 -1 0 
0 1 0 0 0 
0 1 0 0 0 
0 0 0 1 1 
0 0 0 0 1 
0 1 0 0 0 
1 0 0 1 0 
0 1 0 0 -1 
0 0 0 1 0 
1 0 0 0 0 
0 1 0 0 1 
0 0 0 1 0 
0 1 1 0 1 
1 0 0 0 0 
0 1 0 0 -1 
0 1 0 0 0 
0 0 1 0 1 
1 0 0 1 0 
0 1 0 0 0 
0 1 0 0 0 
0 0 0 1 0 
1 1 0 0 0 
0 0 0 0 1 
0 1 0 0 0 
1 1 1 0 0 
0 1 1 1 0 
0 -1 0 0 0 
0 0 1 0 0 
0 1 0 1 0 
0 0 -1 0 1 
1 0 0 -1 0 
0 1 0 0 0 
0 0 0 1 0 
0 0 1 0 0 
1 0 0 1 1 
0 0 0 1 0 
1 1 0 -1 0 
0 1 1 0 0 
1 0 0 0 0 
-1 1 0 1 0 
0 0 0 0 1 
0 0 1 0 1 
0 1 0 0 0 
1 0 -1 0 0 
0 0 0 1 -1 

HYBRID SA-GA
Urutan yang gagal dikerjakan: 71
Tundaan kerja: 243
Matriks urutan: 
1 0 0 0 0 
0 0 1 1 0 
0 0 0 1 0 
0 1 -1 0 0 
0 0 1 0 0 
1 0 0 0 0 
0 0 0 0 1 
0 0 0 0 1 
1 0 0 0 1 
-1 0 0 0 0 
1 1 0 0 -1 
-1 0 1 0 0 
0 1 1 0 0 
1 0 -1 1 0 
-1 1 0 0 0 
1 0 0 0 0 
-1 1 0 0 0 
0 1 0 0 1 
0 1 1 1 0 
0 -1 0 0 0 
1 0 0 1 0 
0 1 1 0 -1 
1 1 0 0 0 
0 0 -1 0 0 
0 1 1 0 0 
0 1 0 0 0 
1 0 0 0 0 
0 1 0 0 0 
0 1 1 0 0 
0 -1 0 0 0 
0 0 0 1 0 
1 0 1 0 0 
-1 1 0 0 0 
0 1 0 0 0 
0 -1 0 0 0 
0 1 0 0 0 
0 0 0 1 0 
0 0 0 1 0 
1 0 1 1 0 
0 1 0 0 0 
0 0 0 -1 0 
1 0 0 0 0 
-1 0 0 0 0 
0 1 1 0 0 
1 1 1 0 0 
0 0 -1 0 0 
1 1 0 0 0 
-1 0 0 0 1 
1 1 0 0 0 
-1 1 1 0 0 
1 0 0 0 1 
-1 1 0 0 0 
1 0 0 0 -1 
0 0 1 1 0 
0 1 0 1 0 
0 1 0 1 1 
1 0 1 0 0 
0 1 0 -1 0 
1 0 0 1 0 
-1 0 0 0 0 
0 1 0 0 0 
0 1 0 0 0 
0 -1 0 0 0 
1 0 0 0 0 
-1 0 0 0 0 
0 0 0 1 0 
0 0 0 1 0 
0 1 0 0 0 
0 1 0 0 0 
0 0 0 -1 0 
0 1 0 1 0 
0 1 0 1 0 
0 0 0 0 1 
0 1 0 0 0 
1 0 1 0 0 
-1 0 0 0 0 
1 0 0 0 0 
-1 0 0 0 -1 
1 1 0 0 0 
-1 0 0 1 0 
0 0 0 1 0 
0 1 0 0 0 
0 1 0 0 0 
0 -1 0 0 0 
0 1 1 0 0 
0 0 0 1 1 
0 0 -1 0 0 
0 0 0 0 1 
1 0 0 1 1 
0 0 1 0 -1 
0 1 0 0 0 
0 1 0 0 0 
0 0 0 1 0 
0 1 1 0 1 
1 0 0 0 0 
0 0 -1 0 0 
0 0 1 0 0 
1 0 0 0 -1 
0 1 0 0 0 
1 0 0 0 1 
0 1 0 0 0 
1 0 0 1 1 
0 0 0 1 0 
0 1 0 0 -1 
0 1 0 0 0 
1 0 0 0 1 
0 1 0 0 0 
0 0 0 1 0 
1 1 0 0 0 
0 1 0 0 0 
0 0 0 1 0 
0 0 0 -1 0 
0 1 0 0 0 
0 0 1 0 0 
0 0 0 1 0 
1 0 -1 1 0 
0 0 1 0 0 
0 0 1 1 0 
0 0 -1 1 0 
0 1 0 0 0 
0 1 0 0 0 
0 0 1 0 1 
0 1 0 0 0 
0 1 0 0 1 
0 0 0 0 1 
0 0 0 1 -1 
1 0 0 1 0 
0 1 0 1 0 
0 0 0 1 1 
0 1 1 -1 0 
0 0 0 1 1 
0 1 0 0 0 
1 0 1 0 -1 
-1 0 1 0 0 
1 0 0 1 0 
-1 1 0 0 0 
0 0 0 1 0 
0 1 0 0 0 
0 0 0 0 1 
1 0 0 0 0 
0 1 0 0 0 
0 1 0 0 0 
0 0 0 1 0 
0 1 1 0 0 
0 1 1 0 0 
0 0 -1 1 0 
0 0 0 0 1 
0 1 0 0 0 
1 0 0 0 0 
-1 0 0 0 0 
1 0 0 1 0 
-1 1 1 0 0 
0 1 0 0 0 
0 -1 0 1 0 
0 0 0 1 0 
0 0 0 -1 0 
0 1 0 0 0 
0 1 0 0 0 
0 0 0 1 1 
0 0 0 0 1 
0 1 0 0 0 
1 0 0 1 0 
0 1 0 0 -1 
0 0 0 1 0 
1 0 0 0 0 
0 1 0 0 1 
0 0 0 1 0 
0 1 1 0 1 
1 0 0 0 0 
0 1 0 0 -1 
0 1 0 0 0 
0 0 1 0 1 
1 0 0 1 0 
0 1 0 0 0 
0 1 0 0 0 
0 0 0 1 0 
1 1 0 0 0 
0 0 0 0 1 
0 1 0 0 0 
1 1 1 0 0 
0 1 1 1 0 
0 -1 0 0 0 
0 0 1 0 0 
0 1 0 1 0 
0 0 -1 0 1 
1 0 0 -1 0 
0 1 0 0 0 
0 0 0 1 0 
0 0 1 0 0 
1 0 0 1 1 
0 0 0 1 0 
1 1 0 -1 0 
0 1 1 0 0 
1 0 0 0 0 
-1 1 0 1 0 
0 0 0 0 1 
0 0 1 0 1 
0 1 0 0 0 
1 0 -1 0 0 
0 0 0 1 -1 

CYCLIC GA-SA
Urutan yang gagal dikerjakan: 86
Tundaan kerja: 300
Matriks urutan: 
1 1 0 0 0 
0 0 0 0 1 
0 1 0 0 0 
0 0 0 0 1 
0 1 0 0 1 
0 0 1 0 -1 
0 1 0 0 1 
1 1 -1 0 0 
0 1 0 0 0 
0 -1 0 0 0 
0 0 0 1 0 
1 0 0 0 0 
-1 0 0 0 0 
0 0 0 1 0 
0 0 1 0 0 
0 1 0 0 0 
0 1 0 0 0 
0 -1 0 0 0 
0 0 1 0 0 
0 1 1 0 0 
0 1 -1 0 0 
0 0 0 1 0 
0 0 0 1 0 
1 0 1 0 0 
0 0 0 1 0 
0 0 0 -1 0 
0 1 0 0 0 
0 1 1 0 0 
0 0 1 0 0 
0 0 -1 1 1 
0 0 0 1 0 
1 0 0 0 0 
0 0 0 1 0 
0 1 1 -1 0 
0 1 1 0 0 
0 0 -1 0 0 
1 0 1 1 0 
-1 0 0 0 0 
0 1 0 1 0 
0 1 1 0 1 
0 0 0 -1 0 
1 0 -1 0 0 
-1 0 0 0 0 
1 0 0 0 0 
-1 1 0 0 0 
0 1 0 0 0 
0 0 0 1 0 
0 0 0 1 0 
0 0 0 0 1 
0 0 1 1 0 
0 0 0 -1 1 
0 1 0 0 0 
0 1 0 0 -1 
1 0 0 0 0 
0 0 1 0 1 
0 1 0 0 0 
1 0 0 0 0 
0 0 0 1 0 
1 1 0 0 0 
-1 0 0 0 0 
1 0 0 0 1 
-1 0 0 0 1 
0 0 1 0 0 
0 1 0 0 0 
0 0 -1 0 -1 
1 1 0 0 0 
0 1 0 0 0 
0 0 0 0 1 
0 1 0 0 0 
0 1 1 0 0 
1 0 0 1 0 
0 0 0 1 0 
0 0 0 0 1 
0 1 0 1 1 
0 1 0 -1 0 
0 -1 0 0 0 
0 1 0 0 -1 
0 0 0 1 0 
0 1 0 0 0 
0 1 1 1 0 
0 1 0 0 0 
1 -1 0 1 0 
0 0 0 -1 0 
0 1 0 0 0 
0 0 0 1 1 
0 0 0 1 0 
0 0 0 1 0 
0 0 0 1 0 
0 1 0 -1 0 
0 0 1 1 0 
0 0 0 1 0 
0 1 -1 0 0 
0 0 0 1 0 
1 0 0 -1 0 
-1 1 1 0 0 
0 1 0 0 0 
0 0 -1 0 0 
0 1 0 0 0 
0 1 0 0 0 
0 -1 0 1 0 
1 1 0 0 0 
0 0 0 0 1 
1 0 0 0 0 
0 1 0 0 0 
1 0 0 0 1 
0 1 0 1 -1 
1 1 0 0 0 
0 1 0 0 0 
1 -1 1 0 0 
0 1 1 0 0 
0 1 -1 1 0 
1 -1 0 0 0 
0 0 0 0 1 
0 1 0 1 0 
1 0 0 0 0 
0 1 0 1 0 
0 0 1 0 -1 
1 1 1 0 0 
0 1 -1 0 1 
0 -1 0 1 0 
0 1 0 0 0 
1 0 0 0 0 
0 1 0 0 0 
0 1 0 0 0 
1 1 0 0 0 
0 -1 0 0 0 
1 0 1 1 0 
0 1 1 0 0 
0 0 -1 0 0 
0 0 0 1 0 
0 0 1 0 0 
1 0 1 0 0 
0 1 -1 0 1 
0 1 0 0 0 
1 0 0 0 1 
0 0 0 1 0 
1 0 0 0 -1 
0 1 1 0 0 
0 0 1 0 0 
0 1 -1 0 0 
0 1 0 0 0 
0 0 0 1 0 
0 0 0 1 0 
0 1 1 0 1 
1 1 0 0 0 
0 -1 0 0 0 
0 1 0 0 0 
0 1 0 0 0 
1 -1 0 1 0 
0 0 0 1 0 
1 0 0 0 0 
-1 0 0 0 1 
0 0 0 0 1 
1 0 0 1 1 
-1 0 0 0 0 
1 0 1 0 -1 
-1 1 1 0 0 
1 0 -1 0 0 
-1 1 0 0 0 
0 0 0 1 1 
0 0 1 0 0 
1 1 0 0 0 
-1 0 0 0 0 
1 0 0 0 -1 
-1 0 0 1 0 
0 1 0 0 0 
1 0 0 1 0 
-1 0 1 1 0 
1 0 1 0 0 
-1 1 0 0 0 
1 0 0 0 0 
0 0 0 0 1 
1 0 0 1 0 
-1 0 0 0 0 
1 0 0 1 1 
-1 0 0 1 -1 
0 0 1 -1 0 
0 1 0 0 0 
1 0 0 1 0 
0 1 0 0 0 
1 0 0 0 0 
0 1 0 0 0 
0 1 0 0 0 
1 0 0 1 0 
0 0 1 0 0 
0 0 1 0 0 
0 0 -1 1 0 
0 0 0 -1 0 
0 1 0 0 0 
0 1 0 0 0 
0 -1 1 1 0 
1 0 0 1 1 
0 1 0 0 0 
0 0 0 0 1 
0 1 0 0 0 
1 0 0 0 -1 
0 1 0 0 0 
0 1 0 0 0 
1 -1 0 0 0 
0 0 0 1 0 

